
0 0 130.096831159
-3 0 134.018308517
-6 0 62.2236532903
-9 0 132.509138306
-12 0 128.515807826
-15 -4 128.433276748
-12 -4 134.124289595
-9 -4 134.60612009
-6 -4 135.938476218
-3 -4 133.194080337
0 -4 127.998294217
3 -4 127.712655572
6 -8 132.518614152
3 -8 132.035734766
0 -8 132.809184772
-3 -8 135.121404441
-6 -8 133.015213328
-9 -8 132.530219441
-12 -8 133.636523245
-15 -8 133.609160035
-18 -8 134.405264429
-18 -12 134.518358958
-15 -12 135.096776016
-12 -12 133.418066515
-9 -12 133.333732753
-6 -12 132.506028746
-3 -12 134.118178272
0 -12 132.806202922
3 -12 132.806210383
6 -12 130.821321107
9 -16 131.618973251
6 -16 133.032758476
3 -16 132.10643199
0 -16 133.615101236
-3 -16 133.106153371
-6 -16 131.612318093
-9 -16 130.839670247
-12 -16 131.906317423
-15 -16 132.006359391
-18 -16 132.03064918
-21 -16 133.721493018
-21 -20 130.437020424
-18 -20 133.209055825
-15 -20 133.642679599
-12 -20 132.609101004
-9 -20 131.724245785
-6 -20 131.930323357
-3 -20 129.909487689
0 -20 133.815248019
3 -20 130.851772383
6 -20 130.821204142
9 -20 129.909290003
9 -24 131.099771769
6 -24 132.018358446
3 -24 132.333562653
0 -24 133.042603807
-3 -24 132.033801887
-6 -24 131.73402827
-9 -24 130.927322863
-12 -24 130.518456579
-15 -24 131.42731094
-18 -24 132.463317603
-21 -24 133.435479233
-21 -28 132.948139092
-18 -28 130.542358944
-15 -28 132.703043175
-12 -28 133.133232236
-9 -28 130.051518577
-6 -28 131.738943654
-3 -28 132.443120656
0 -28 131.793942247
3 -28 133.136312254
6 -28 131.13063844
9 -28 132.067228841
6 -32 129.497365085
3 -32 132.024303194
0 -32 132.36090123
-3 -32 131.618342962
-6 -32 130.921448005
-9 -32 131.145405948
-12 -32 131.942681171
-15 -32 131.018352922
-18 -32 133.188556973
-18 -36 129.638821649
-15 -36 129.938371322
-12 -36 132.53613747
-9 -36 133.024114171
-6 -36 131.236400944
-3 -36 132.45138909
0 -36 131.027307678
3 -36 129.809503796
6 -36 128.925481303
3 -40 131.899801436
0 -40 130.16221879
-3 -40 132.355489476
-6 -40 132.618321201
-9 -40 129.400738366
-12 -40 130.606458633
-15 -40 130.206522171
-12 -44 129.525072732
-9 -44 129.887313497
-6 -44 126.40978347
-3 -44 126.097705317
0 -44 130.156432956